320238at7742	0	94.0432216808	571
228730at7742	0	33.6380284894	321
164538at7742	0	100.219420827	573
97645at7742	0	70.7716838533	611
42971at7742	0	84.4	844.0
193525at7742	0	40.6119683896	351
332227at7742	0	24.0	240.0
403632at7742	0	15.7	157.0
378120at7742	0	22.5	225.0
353318at7742	0	17.2533095369	165
33940at7742	0	88.1	881.0
342641at7742	0	25.2341436285	219
359032at7742	0	16.3	163.0
361842at7742	0	18.2	182.0
378120at7742	0	22.5	225.0
404316at7742	0	16.6	166.0
406935at7742	0	12.9	129.0
409625at7742	0	10.7	107.0
409719at7742	0	11.8	118.0
413149at7742	0	7.9	79.0
